digraph Tree {
node [shape=box, fontname="helvetica"] ;
edge [fontname="helvetica"] ;
0 [label="week <= 0.5\ngini = 0.443\nsamples = 432\nvalue = [1, 1, 1, 1, 1, 1, 1, 5, 2, 1, 2, 2, 1, 3\n2, 2, 3, 3, 2, 5, 2, 1, 1, 4, 3, 3, 2, 2\n2, 1, 2, 2, 2, 4, 3, 4, 1, 2, 4, 2, 4, 2\n2, 4, 1, 2, 5, 3, 322]"] ;
1 [label="gini = 0.0\nsamples = 318\nvalue = [0, 0, 0, 0, 0, 0, 0, 0, 0, 0, 0, 0, 0, 0\n0, 0, 0, 0, 0, 0, 0, 0, 0, 0, 0, 0, 0, 0\n0, 0, 0, 0, 0, 0, 0, 0, 0, 0, 0, 0, 0, 0\n0, 0, 0, 0, 0, 0, 318]"] ;
0 -> 1 [labeldistance=2.5, labelangle=45, headlabel="True"] ;
2 [label="paro <= 12.5\ngini = 0.974\nsamples = 114\nvalue = [1, 1, 1, 1, 1, 1, 1, 5, 2, 1, 2, 2, 1, 3\n2, 2, 3, 3, 2, 5, 2, 1, 1, 4, 3, 3, 2, 2\n2, 1, 2, 2, 2, 4, 3, 4, 1, 2, 4, 2, 4, 2\n2, 4, 1, 2, 5, 3, 4]"] ;
0 -> 2 [labeldistance=2.5, labelangle=-45, headlabel="False"] ;
3 [label="fin <= 20.5\ngini = 0.973\nsamples = 110\nvalue = [1, 1, 1, 1, 1, 1, 1, 5, 2, 0, 1, 2, 1, 3\n2, 2, 3, 3, 2, 5, 2, 1, 1, 4, 1, 3, 2, 2\n2, 1, 2, 2, 2, 4, 3, 4, 1, 2, 4, 2, 4, 2\n2, 4, 1, 2, 5, 3, 4]"] ;
2 -> 3 ;
4 [label="paro <= 4.5\ngini = 0.961\nsamples = 50\nvalue = [1, 0, 0, 1, 1, 1, 1, 1, 0, 0, 1, 0, 0, 2\n1, 0, 2, 2, 1, 1, 0, 1, 0, 0, 1, 0, 1, 1\n1, 1, 2, 1, 1, 4, 2, 1, 0, 0, 4, 1, 2, 2\n2, 0, 0, 1, 3, 2, 0]"] ;
3 -> 4 ;
5 [label="paro <= 3.5\ngini = 0.94\nsamples = 33\nvalue = [1, 0, 0, 1, 1, 0, 1, 0, 0, 0, 1, 0, 0, 0\n1, 0, 0, 2, 1, 1, 0, 0, 0, 0, 1, 0, 1, 0\n1, 0, 2, 0, 1, 4, 2, 0, 0, 0, 3, 1, 1, 2\n0, 0, 0, 0, 3, 1, 0]"] ;
4 -> 5 ;
6 [label="arrest <= 0.5\ngini = 0.937\nsamples = 29\nvalue = [1, 0, 0, 1, 1, 0, 1, 0, 0, 0, 1, 0, 0, 0\n0, 0, 0, 0, 1, 1, 0, 0, 0, 0, 1, 0, 1, 0\n1, 0, 2, 0, 1, 3, 2, 0, 0, 0, 3, 1, 1, 2\n0, 0, 0, 0, 3, 1, 0]"] ;
5 -> 6 ;
7 [label="mar <= 0.5\ngini = 0.888\nsamples = 14\nvalue = [1, 0, 0, 1, 1, 0, 0, 0, 0, 0, 0, 0, 0, 0\n0, 0, 0, 0, 1, 0, 0, 0, 0, 0, 1, 0, 1, 0\n1, 0, 1, 0, 0, 0, 0, 0, 0, 0, 3, 0, 1, 2\n0, 0, 0, 0, 0, 0, 0]"] ;
6 -> 7 ;
8 [label="fin <= 17.5\ngini = 0.857\nsamples = 7\nvalue = [1, 0, 0, 1, 1, 0, 0, 0, 0, 0, 0, 0, 0, 0\n0, 0, 0, 0, 1, 0, 0, 0, 0, 0, 0, 0, 1, 0\n1, 0, 0, 0, 0, 0, 0, 0, 0, 0, 0, 0, 1, 0\n0, 0, 0, 0, 0, 0, 0]"] ;
7 -> 8 ;
9 [label="gini = 0.0\nsamples = 1\nvalue = [0, 0, 0, 0, 0, 0, 0, 0, 0, 0, 0, 0, 0, 0\n0, 0, 0, 0, 0, 0, 0, 0, 0, 0, 0, 0, 0, 0\n1, 0, 0, 0, 0, 0, 0, 0, 0, 0, 0, 0, 0, 0\n0, 0, 0, 0, 0, 0, 0]"] ;
8 -> 9 ;
10 [label="paro <= 0.5\ngini = 0.833\nsamples = 6\nvalue = [1, 0, 0, 1, 1, 0, 0, 0, 0, 0, 0, 0, 0, 0\n0, 0, 0, 0, 1, 0, 0, 0, 0, 0, 0, 0, 1, 0\n0, 0, 0, 0, 0, 0, 0, 0, 0, 0, 0, 0, 1, 0\n0, 0, 0, 0, 0, 0, 0]"] ;
8 -> 10 ;
11 [label="gini = 0.0\nsamples = 1\nvalue = [1, 0, 0, 0, 0, 0, 0, 0, 0, 0, 0, 0, 0, 0\n0, 0, 0, 0, 0, 0, 0, 0, 0, 0, 0, 0, 0, 0\n0, 0, 0, 0, 0, 0, 0, 0, 0, 0, 0, 0, 0, 0\n0, 0, 0, 0, 0, 0, 0]"] ;
10 -> 11 ;
12 [label="race <= 0.5\ngini = 0.8\nsamples = 5\nvalue = [0, 0, 0, 1, 1, 0, 0, 0, 0, 0, 0, 0, 0, 0\n0, 0, 0, 0, 1, 0, 0, 0, 0, 0, 0, 0, 1, 0\n0, 0, 0, 0, 0, 0, 0, 0, 0, 0, 0, 0, 1, 0\n0, 0, 0, 0, 0, 0, 0]"] ;
10 -> 12 ;
13 [label="fin <= 18.5\ngini = 0.5\nsamples = 2\nvalue = [0, 0, 0, 0, 1, 0, 0, 0, 0, 0, 0, 0, 0, 0\n0, 0, 0, 0, 1, 0, 0, 0, 0, 0, 0, 0, 0, 0\n0, 0, 0, 0, 0, 0, 0, 0, 0, 0, 0, 0, 0, 0\n0, 0, 0, 0, 0, 0, 0]"] ;
12 -> 13 ;
14 [label="gini = 0.0\nsamples = 1\nvalue = [0, 0, 0, 0, 0, 0, 0, 0, 0, 0, 0, 0, 0, 0\n0, 0, 0, 0, 1, 0, 0, 0, 0, 0, 0, 0, 0, 0\n0, 0, 0, 0, 0, 0, 0, 0, 0, 0, 0, 0, 0, 0\n0, 0, 0, 0, 0, 0, 0]"] ;
13 -> 14 ;
15 [label="gini = 0.0\nsamples = 1\nvalue = [0, 0, 0, 0, 1, 0, 0, 0, 0, 0, 0, 0, 0, 0\n0, 0, 0, 0, 0, 0, 0, 0, 0, 0, 0, 0, 0, 0\n0, 0, 0, 0, 0, 0, 0, 0, 0, 0, 0, 0, 0, 0\n0, 0, 0, 0, 0, 0, 0]"] ;
13 -> 15 ;
16 [label="prio <= 3.5\ngini = 0.667\nsamples = 3\nvalue = [0, 0, 0, 1, 0, 0, 0, 0, 0, 0, 0, 0, 0, 0\n0, 0, 0, 0, 0, 0, 0, 0, 0, 0, 0, 0, 1, 0\n0, 0, 0, 0, 0, 0, 0, 0, 0, 0, 0, 0, 1, 0\n0, 0, 0, 0, 0, 0, 0]"] ;
12 -> 16 ;
17 [label="paro <= 2.0\ngini = 0.5\nsamples = 2\nvalue = [0, 0, 0, 0, 0, 0, 0, 0, 0, 0, 0, 0, 0, 0\n0, 0, 0, 0, 0, 0, 0, 0, 0, 0, 0, 0, 1, 0\n0, 0, 0, 0, 0, 0, 0, 0, 0, 0, 0, 0, 1, 0\n0, 0, 0, 0, 0, 0, 0]"] ;
16 -> 17 ;
18 [label="gini = 0.0\nsamples = 1\nvalue = [0, 0, 0, 0, 0, 0, 0, 0, 0, 0, 0, 0, 0, 0\n0, 0, 0, 0, 0, 0, 0, 0, 0, 0, 0, 0, 1, 0\n0, 0, 0, 0, 0, 0, 0, 0, 0, 0, 0, 0, 0, 0\n0, 0, 0, 0, 0, 0, 0]"] ;
17 -> 18 ;
19 [label="gini = 0.0\nsamples = 1\nvalue = [0, 0, 0, 0, 0, 0, 0, 0, 0, 0, 0, 0, 0, 0\n0, 0, 0, 0, 0, 0, 0, 0, 0, 0, 0, 0, 0, 0\n0, 0, 0, 0, 0, 0, 0, 0, 0, 0, 0, 0, 1, 0\n0, 0, 0, 0, 0, 0, 0]"] ;
17 -> 19 ;
20 [label="gini = 0.0\nsamples = 1\nvalue = [0, 0, 0, 1, 0, 0, 0, 0, 0, 0, 0, 0, 0, 0\n0, 0, 0, 0, 0, 0, 0, 0, 0, 0, 0, 0, 0, 0\n0, 0, 0, 0, 0, 0, 0, 0, 0, 0, 0, 0, 0, 0\n0, 0, 0, 0, 0, 0, 0]"] ;
16 -> 20 ;
21 [label="fin <= 19.5\ngini = 0.694\nsamples = 7\nvalue = [0, 0, 0, 0, 0, 0, 0, 0, 0, 0, 0, 0, 0, 0\n0, 0, 0, 0, 0, 0, 0, 0, 0, 0, 1, 0, 0, 0\n0, 0, 1, 0, 0, 0, 0, 0, 0, 0, 3, 0, 0, 2\n0, 0, 0, 0, 0, 0, 0]"] ;
7 -> 21 ;
22 [label="paro <= 2.5\ngini = 0.444\nsamples = 3\nvalue = [0, 0, 0, 0, 0, 0, 0, 0, 0, 0, 0, 0, 0, 0\n0, 0, 0, 0, 0, 0, 0, 0, 0, 0, 0, 0, 0, 0\n0, 0, 1, 0, 0, 0, 0, 0, 0, 0, 2, 0, 0, 0\n0, 0, 0, 0, 0, 0, 0]"] ;
21 -> 22 ;
23 [label="gini = 0.0\nsamples = 1\nvalue = [0, 0, 0, 0, 0, 0, 0, 0, 0, 0, 0, 0, 0, 0\n0, 0, 0, 0, 0, 0, 0, 0, 0, 0, 0, 0, 0, 0\n0, 0, 0, 0, 0, 0, 0, 0, 0, 0, 1, 0, 0, 0\n0, 0, 0, 0, 0, 0, 0]"] ;
22 -> 23 ;
24 [label="race <= 0.5\ngini = 0.5\nsamples = 2\nvalue = [0, 0, 0, 0, 0, 0, 0, 0, 0, 0, 0, 0, 0, 0\n0, 0, 0, 0, 0, 0, 0, 0, 0, 0, 0, 0, 0, 0\n0, 0, 1, 0, 0, 0, 0, 0, 0, 0, 1, 0, 0, 0\n0, 0, 0, 0, 0, 0, 0]"] ;
22 -> 24 ;
25 [label="gini = 0.0\nsamples = 1\nvalue = [0, 0, 0, 0, 0, 0, 0, 0, 0, 0, 0, 0, 0, 0\n0, 0, 0, 0, 0, 0, 0, 0, 0, 0, 0, 0, 0, 0\n0, 0, 1, 0, 0, 0, 0, 0, 0, 0, 0, 0, 0, 0\n0, 0, 0, 0, 0, 0, 0]"] ;
24 -> 25 ;
26 [label="gini = 0.0\nsamples = 1\nvalue = [0, 0, 0, 0, 0, 0, 0, 0, 0, 0, 0, 0, 0, 0\n0, 0, 0, 0, 0, 0, 0, 0, 0, 0, 0, 0, 0, 0\n0, 0, 0, 0, 0, 0, 0, 0, 0, 0, 1, 0, 0, 0\n0, 0, 0, 0, 0, 0, 0]"] ;
24 -> 26 ;
27 [label="paro <= 2.5\ngini = 0.625\nsamples = 4\nvalue = [0, 0, 0, 0, 0, 0, 0, 0, 0, 0, 0, 0, 0, 0\n0, 0, 0, 0, 0, 0, 0, 0, 0, 0, 1, 0, 0, 0\n0, 0, 0, 0, 0, 0, 0, 0, 0, 0, 1, 0, 0, 2\n0, 0, 0, 0, 0, 0, 0]"] ;
21 -> 27 ;
28 [label="paro <= 1.5\ngini = 0.444\nsamples = 3\nvalue = [0, 0, 0, 0, 0, 0, 0, 0, 0, 0, 0, 0, 0, 0\n0, 0, 0, 0, 0, 0, 0, 0, 0, 0, 0, 0, 0, 0\n0, 0, 0, 0, 0, 0, 0, 0, 0, 0, 1, 0, 0, 2\n0, 0, 0, 0, 0, 0, 0]"] ;
27 -> 28 ;
29 [label="gini = 0.5\nsamples = 2\nvalue = [0, 0, 0, 0, 0, 0, 0, 0, 0, 0, 0, 0, 0, 0\n0, 0, 0, 0, 0, 0, 0, 0, 0, 0, 0, 0, 0, 0\n0, 0, 0, 0, 0, 0, 0, 0, 0, 0, 1, 0, 0, 1\n0, 0, 0, 0, 0, 0, 0]"] ;
28 -> 29 ;
30 [label="gini = 0.0\nsamples = 1\nvalue = [0, 0, 0, 0, 0, 0, 0, 0, 0, 0, 0, 0, 0, 0\n0, 0, 0, 0, 0, 0, 0, 0, 0, 0, 0, 0, 0, 0\n0, 0, 0, 0, 0, 0, 0, 0, 0, 0, 0, 0, 0, 1\n0, 0, 0, 0, 0, 0, 0]"] ;
28 -> 30 ;
31 [label="gini = 0.0\nsamples = 1\nvalue = [0, 0, 0, 0, 0, 0, 0, 0, 0, 0, 0, 0, 0, 0\n0, 0, 0, 0, 0, 0, 0, 0, 0, 0, 1, 0, 0, 0\n0, 0, 0, 0, 0, 0, 0, 0, 0, 0, 0, 0, 0, 0\n0, 0, 0, 0, 0, 0, 0]"] ;
27 -> 31 ;
32 [label="paro <= 1.5\ngini = 0.871\nsamples = 15\nvalue = [0, 0, 0, 0, 0, 0, 1, 0, 0, 0, 1, 0, 0, 0\n0, 0, 0, 0, 0, 1, 0, 0, 0, 0, 0, 0, 0, 0\n0, 0, 1, 0, 1, 3, 2, 0, 0, 0, 0, 1, 0, 0\n0, 0, 0, 0, 3, 1, 0]"] ;
6 -> 32 ;
33 [label="fin <= 19.5\ngini = 0.735\nsamples = 7\nvalue = [0, 0, 0, 0, 0, 0, 0, 0, 0, 0, 0, 0, 0, 0\n0, 0, 0, 0, 0, 1, 0, 0, 0, 0, 0, 0, 0, 0\n0, 0, 1, 0, 0, 1, 0, 0, 0, 0, 0, 1, 0, 0\n0, 0, 0, 0, 3, 0, 0]"] ;
32 -> 33 ;
34 [label="mar <= 0.5\ngini = 0.56\nsamples = 5\nvalue = [0, 0, 0, 0, 0, 0, 0, 0, 0, 0, 0, 0, 0, 0\n0, 0, 0, 0, 0, 0, 0, 0, 0, 0, 0, 0, 0, 0\n0, 0, 1, 0, 0, 1, 0, 0, 0, 0, 0, 0, 0, 0\n0, 0, 0, 0, 3, 0, 0]"] ;
33 -> 34 ;
35 [label="gini = 0.0\nsamples = 1\nvalue = [0, 0, 0, 0, 0, 0, 0, 0, 0, 0, 0, 0, 0, 0\n0, 0, 0, 0, 0, 0, 0, 0, 0, 0, 0, 0, 0, 0\n0, 0, 0, 0, 0, 1, 0, 0, 0, 0, 0, 0, 0, 0\n0, 0, 0, 0, 0, 0, 0]"] ;
34 -> 35 ;
36 [label="paro <= 0.5\ngini = 0.375\nsamples = 4\nvalue = [0, 0, 0, 0, 0, 0, 0, 0, 0, 0, 0, 0, 0, 0\n0, 0, 0, 0, 0, 0, 0, 0, 0, 0, 0, 0, 0, 0\n0, 0, 1, 0, 0, 0, 0, 0, 0, 0, 0, 0, 0, 0\n0, 0, 0, 0, 3, 0, 0]"] ;
34 -> 36 ;
37 [label="race <= 0.5\ngini = 0.5\nsamples = 2\nvalue = [0, 0, 0, 0, 0, 0, 0, 0, 0, 0, 0, 0, 0, 0\n0, 0, 0, 0, 0, 0, 0, 0, 0, 0, 0, 0, 0, 0\n0, 0, 1, 0, 0, 0, 0, 0, 0, 0, 0, 0, 0, 0\n0, 0, 0, 0, 1, 0, 0]"] ;
36 -> 37 ;
38 [label="gini = 0.0\nsamples = 1\nvalue = [0, 0, 0, 0, 0, 0, 0, 0, 0, 0, 0, 0, 0, 0\n0, 0, 0, 0, 0, 0, 0, 0, 0, 0, 0, 0, 0, 0\n0, 0, 1, 0, 0, 0, 0, 0, 0, 0, 0, 0, 0, 0\n0, 0, 0, 0, 0, 0, 0]"] ;
37 -> 38 ;
39 [label="gini = 0.0\nsamples = 1\nvalue = [0, 0, 0, 0, 0, 0, 0, 0, 0, 0, 0, 0, 0, 0\n0, 0, 0, 0, 0, 0, 0, 0, 0, 0, 0, 0, 0, 0\n0, 0, 0, 0, 0, 0, 0, 0, 0, 0, 0, 0, 0, 0\n0, 0, 0, 0, 1, 0, 0]"] ;
37 -> 39 ;
40 [label="gini = 0.0\nsamples = 2\nvalue = [0, 0, 0, 0, 0, 0, 0, 0, 0, 0, 0, 0, 0, 0\n0, 0, 0, 0, 0, 0, 0, 0, 0, 0, 0, 0, 0, 0\n0, 0, 0, 0, 0, 0, 0, 0, 0, 0, 0, 0, 0, 0\n0, 0, 0, 0, 2, 0, 0]"] ;
36 -> 40 ;
41 [label="mar <= 0.5\ngini = 0.5\nsamples = 2\nvalue = [0, 0, 0, 0, 0, 0, 0, 0, 0, 0, 0, 0, 0, 0\n0, 0, 0, 0, 0, 1, 0, 0, 0, 0, 0, 0, 0, 0\n0, 0, 0, 0, 0, 0, 0, 0, 0, 0, 0, 1, 0, 0\n0, 0, 0, 0, 0, 0, 0]"] ;
33 -> 41 ;
42 [label="gini = 0.0\nsamples = 1\nvalue = [0, 0, 0, 0, 0, 0, 0, 0, 0, 0, 0, 0, 0, 0\n0, 0, 0, 0, 0, 0, 0, 0, 0, 0, 0, 0, 0, 0\n0, 0, 0, 0, 0, 0, 0, 0, 0, 0, 0, 1, 0, 0\n0, 0, 0, 0, 0, 0, 0]"] ;
41 -> 42 ;
43 [label="gini = 0.0\nsamples = 1\nvalue = [0, 0, 0, 0, 0, 0, 0, 0, 0, 0, 0, 0, 0, 0\n0, 0, 0, 0, 0, 1, 0, 0, 0, 0, 0, 0, 0, 0\n0, 0, 0, 0, 0, 0, 0, 0, 0, 0, 0, 0, 0, 0\n0, 0, 0, 0, 0, 0, 0]"] ;
41 -> 43 ;
44 [label="age <= 0.5\ngini = 0.812\nsamples = 8\nvalue = [0, 0, 0, 0, 0, 0, 1, 0, 0, 0, 1, 0, 0, 0\n0, 0, 0, 0, 0, 0, 0, 0, 0, 0, 0, 0, 0, 0\n0, 0, 0, 0, 1, 2, 2, 0, 0, 0, 0, 0, 0, 0\n0, 0, 0, 0, 0, 1, 0]"] ;
32 -> 44 ;
45 [label="gini = 0.0\nsamples = 1\nvalue = [0, 0, 0, 0, 0, 0, 1, 0, 0, 0, 0, 0, 0, 0\n0, 0, 0, 0, 0, 0, 0, 0, 0, 0, 0, 0, 0, 0\n0, 0, 0, 0, 0, 0, 0, 0, 0, 0, 0, 0, 0, 0\n0, 0, 0, 0, 0, 0, 0]"] ;
44 -> 45 ;
46 [label="fin <= 19.5\ngini = 0.776\nsamples = 7\nvalue = [0, 0, 0, 0, 0, 0, 0, 0, 0, 0, 1, 0, 0, 0\n0, 0, 0, 0, 0, 0, 0, 0, 0, 0, 0, 0, 0, 0\n0, 0, 0, 0, 1, 2, 2, 0, 0, 0, 0, 0, 0, 0\n0, 0, 0, 0, 0, 1, 0]"] ;
44 -> 46 ;
47 [label="fin <= 18.0\ngini = 0.72\nsamples = 5\nvalue = [0, 0, 0, 0, 0, 0, 0, 0, 0, 0, 1, 0, 0, 0\n0, 0, 0, 0, 0, 0, 0, 0, 0, 0, 0, 0, 0, 0\n0, 0, 0, 0, 1, 1, 2, 0, 0, 0, 0, 0, 0, 0\n0, 0, 0, 0, 0, 0, 0]"] ;
46 -> 47 ;
48 [label="gini = 0.0\nsamples = 1\nvalue = [0, 0, 0, 0, 0, 0, 0, 0, 0, 0, 0, 0, 0, 0\n0, 0, 0, 0, 0, 0, 0, 0, 0, 0, 0, 0, 0, 0\n0, 0, 0, 0, 0, 0, 1, 0, 0, 0, 0, 0, 0, 0\n0, 0, 0, 0, 0, 0, 0]"] ;
47 -> 48 ;
49 [label="paro <= 2.5\ngini = 0.75\nsamples = 4\nvalue = [0, 0, 0, 0, 0, 0, 0, 0, 0, 0, 1, 0, 0, 0\n0, 0, 0, 0, 0, 0, 0, 0, 0, 0, 0, 0, 0, 0\n0, 0, 0, 0, 1, 1, 1, 0, 0, 0, 0, 0, 0, 0\n0, 0, 0, 0, 0, 0, 0]"] ;
47 -> 49 ;
50 [label="gini = 0.667\nsamples = 3\nvalue = [0, 0, 0, 0, 0, 0, 0, 0, 0, 0, 1, 0, 0, 0\n0, 0, 0, 0, 0, 0, 0, 0, 0, 0, 0, 0, 0, 0\n0, 0, 0, 0, 0, 1, 1, 0, 0, 0, 0, 0, 0, 0\n0, 0, 0, 0, 0, 0, 0]"] ;
49 -> 50 ;
51 [label="gini = 0.0\nsamples = 1\nvalue = [0, 0, 0, 0, 0, 0, 0, 0, 0, 0, 0, 0, 0, 0\n0, 0, 0, 0, 0, 0, 0, 0, 0, 0, 0, 0, 0, 0\n0, 0, 0, 0, 1, 0, 0, 0, 0, 0, 0, 0, 0, 0\n0, 0, 0, 0, 0, 0, 0]"] ;
49 -> 51 ;
52 [label="paro <= 2.5\ngini = 0.5\nsamples = 2\nvalue = [0, 0, 0, 0, 0, 0, 0, 0, 0, 0, 0, 0, 0, 0\n0, 0, 0, 0, 0, 0, 0, 0, 0, 0, 0, 0, 0, 0\n0, 0, 0, 0, 0, 1, 0, 0, 0, 0, 0, 0, 0, 0\n0, 0, 0, 0, 0, 1, 0]"] ;
46 -> 52 ;
53 [label="gini = 0.0\nsamples = 1\nvalue = [0, 0, 0, 0, 0, 0, 0, 0, 0, 0, 0, 0, 0, 0\n0, 0, 0, 0, 0, 0, 0, 0, 0, 0, 0, 0, 0, 0\n0, 0, 0, 0, 0, 0, 0, 0, 0, 0, 0, 0, 0, 0\n0, 0, 0, 0, 0, 1, 0]"] ;
52 -> 53 ;
54 [label="gini = 0.0\nsamples = 1\nvalue = [0, 0, 0, 0, 0, 0, 0, 0, 0, 0, 0, 0, 0, 0\n0, 0, 0, 0, 0, 0, 0, 0, 0, 0, 0, 0, 0, 0\n0, 0, 0, 0, 0, 1, 0, 0, 0, 0, 0, 0, 0, 0\n0, 0, 0, 0, 0, 0, 0]"] ;
52 -> 54 ;
55 [label="mar <= 0.5\ngini = 0.625\nsamples = 4\nvalue = [0, 0, 0, 0, 0, 0, 0, 0, 0, 0, 0, 0, 0, 0\n1, 0, 0, 2, 0, 0, 0, 0, 0, 0, 0, 0, 0, 0\n0, 0, 0, 0, 0, 1, 0, 0, 0, 0, 0, 0, 0, 0\n0, 0, 0, 0, 0, 0, 0]"] ;
5 -> 55 ;
56 [label="gini = 0.0\nsamples = 1\nvalue = [0, 0, 0, 0, 0, 0, 0, 0, 0, 0, 0, 0, 0, 0\n1, 0, 0, 0, 0, 0, 0, 0, 0, 0, 0, 0, 0, 0\n0, 0, 0, 0, 0, 0, 0, 0, 0, 0, 0, 0, 0, 0\n0, 0, 0, 0, 0, 0, 0]"] ;
55 -> 56 ;
57 [label="race <= 0.5\ngini = 0.444\nsamples = 3\nvalue = [0, 0, 0, 0, 0, 0, 0, 0, 0, 0, 0, 0, 0, 0\n0, 0, 0, 2, 0, 0, 0, 0, 0, 0, 0, 0, 0, 0\n0, 0, 0, 0, 0, 1, 0, 0, 0, 0, 0, 0, 0, 0\n0, 0, 0, 0, 0, 0, 0]"] ;
55 -> 57 ;
58 [label="gini = 0.0\nsamples = 1\nvalue = [0, 0, 0, 0, 0, 0, 0, 0, 0, 0, 0, 0, 0, 0\n0, 0, 0, 1, 0, 0, 0, 0, 0, 0, 0, 0, 0, 0\n0, 0, 0, 0, 0, 0, 0, 0, 0, 0, 0, 0, 0, 0\n0, 0, 0, 0, 0, 0, 0]"] ;
57 -> 58 ;
59 [label="prio <= 3.5\ngini = 0.5\nsamples = 2\nvalue = [0, 0, 0, 0, 0, 0, 0, 0, 0, 0, 0, 0, 0, 0\n0, 0, 0, 1, 0, 0, 0, 0, 0, 0, 0, 0, 0, 0\n0, 0, 0, 0, 0, 1, 0, 0, 0, 0, 0, 0, 0, 0\n0, 0, 0, 0, 0, 0, 0]"] ;
57 -> 59 ;
60 [label="gini = 0.0\nsamples = 1\nvalue = [0, 0, 0, 0, 0, 0, 0, 0, 0, 0, 0, 0, 0, 0\n0, 0, 0, 0, 0, 0, 0, 0, 0, 0, 0, 0, 0, 0\n0, 0, 0, 0, 0, 1, 0, 0, 0, 0, 0, 0, 0, 0\n0, 0, 0, 0, 0, 0, 0]"] ;
59 -> 60 ;
61 [label="gini = 0.0\nsamples = 1\nvalue = [0, 0, 0, 0, 0, 0, 0, 0, 0, 0, 0, 0, 0, 0\n0, 0, 0, 1, 0, 0, 0, 0, 0, 0, 0, 0, 0, 0\n0, 0, 0, 0, 0, 0, 0, 0, 0, 0, 0, 0, 0, 0\n0, 0, 0, 0, 0, 0, 0]"] ;
59 -> 61 ;
62 [label="paro <= 5.5\ngini = 0.92\nsamples = 17\nvalue = [0, 0, 0, 0, 0, 1, 0, 1, 0, 0, 0, 0, 0, 2\n0, 0, 2, 0, 0, 0, 0, 1, 0, 0, 0, 0, 0, 1\n0, 1, 0, 1, 0, 0, 0, 1, 0, 0, 1, 0, 1, 0\n2, 0, 0, 1, 0, 1, 0]"] ;
4 -> 62 ;
63 [label="race <= 0.5\ngini = 0.72\nsamples = 5\nvalue = [0, 0, 0, 0, 0, 0, 0, 0, 0, 0, 0, 0, 0, 0\n0, 0, 1, 0, 0, 0, 0, 0, 0, 0, 0, 0, 0, 0\n0, 1, 0, 0, 0, 0, 0, 1, 0, 0, 0, 0, 0, 0\n2, 0, 0, 0, 0, 0, 0]"] ;
62 -> 63 ;
64 [label="arrest <= 0.5\ngini = 0.444\nsamples = 3\nvalue = [0, 0, 0, 0, 0, 0, 0, 0, 0, 0, 0, 0, 0, 0\n0, 0, 1, 0, 0, 0, 0, 0, 0, 0, 0, 0, 0, 0\n0, 0, 0, 0, 0, 0, 0, 0, 0, 0, 0, 0, 0, 0\n2, 0, 0, 0, 0, 0, 0]"] ;
63 -> 64 ;
65 [label="gini = 0.5\nsamples = 2\nvalue = [0, 0, 0, 0, 0, 0, 0, 0, 0, 0, 0, 0, 0, 0\n0, 0, 1, 0, 0, 0, 0, 0, 0, 0, 0, 0, 0, 0\n0, 0, 0, 0, 0, 0, 0, 0, 0, 0, 0, 0, 0, 0\n1, 0, 0, 0, 0, 0, 0]"] ;
64 -> 65 ;
66 [label="gini = 0.0\nsamples = 1\nvalue = [0, 0, 0, 0, 0, 0, 0, 0, 0, 0, 0, 0, 0, 0\n0, 0, 0, 0, 0, 0, 0, 0, 0, 0, 0, 0, 0, 0\n0, 0, 0, 0, 0, 0, 0, 0, 0, 0, 0, 0, 0, 0\n1, 0, 0, 0, 0, 0, 0]"] ;
64 -> 66 ;
67 [label="fin <= 18.0\ngini = 0.5\nsamples = 2\nvalue = [0, 0, 0, 0, 0, 0, 0, 0, 0, 0, 0, 0, 0, 0\n0, 0, 0, 0, 0, 0, 0, 0, 0, 0, 0, 0, 0, 0\n0, 1, 0, 0, 0, 0, 0, 1, 0, 0, 0, 0, 0, 0\n0, 0, 0, 0, 0, 0, 0]"] ;
63 -> 67 ;
68 [label="gini = 0.0\nsamples = 1\nvalue = [0, 0, 0, 0, 0, 0, 0, 0, 0, 0, 0, 0, 0, 0\n0, 0, 0, 0, 0, 0, 0, 0, 0, 0, 0, 0, 0, 0\n0, 0, 0, 0, 0, 0, 0, 1, 0, 0, 0, 0, 0, 0\n0, 0, 0, 0, 0, 0, 0]"] ;
67 -> 68 ;
69 [label="gini = 0.0\nsamples = 1\nvalue = [0, 0, 0, 0, 0, 0, 0, 0, 0, 0, 0, 0, 0, 0\n0, 0, 0, 0, 0, 0, 0, 0, 0, 0, 0, 0, 0, 0\n0, 1, 0, 0, 0, 0, 0, 0, 0, 0, 0, 0, 0, 0\n0, 0, 0, 0, 0, 0, 0]"] ;
67 -> 69 ;
70 [label="mar <= 0.5\ngini = 0.903\nsamples = 12\nvalue = [0, 0, 0, 0, 0, 1, 0, 1, 0, 0, 0, 0, 0, 2\n0, 0, 1, 0, 0, 0, 0, 1, 0, 0, 0, 0, 0, 1\n0, 0, 0, 1, 0, 0, 0, 0, 0, 0, 1, 0, 1, 0\n0, 0, 0, 1, 0, 1, 0]"] ;
62 -> 70 ;
71 [label="paro <= 6.5\ngini = 0.864\nsamples = 9\nvalue = [0, 0, 0, 0, 0, 1, 0, 0, 0, 0, 0, 0, 0, 2\n0, 0, 0, 0, 0, 0, 0, 0, 0, 0, 0, 0, 0, 1\n0, 0, 0, 1, 0, 0, 0, 0, 0, 0, 1, 0, 1, 0\n0, 0, 0, 1, 0, 1, 0]"] ;
70 -> 71 ;
72 [label="fin <= 19.5\ngini = 0.667\nsamples = 3\nvalue = [0, 0, 0, 0, 0, 1, 0, 0, 0, 0, 0, 0, 0, 0\n0, 0, 0, 0, 0, 0, 0, 0, 0, 0, 0, 0, 0, 0\n0, 0, 0, 0, 0, 0, 0, 0, 0, 0, 1, 0, 0, 0\n0, 0, 0, 1, 0, 0, 0]"] ;
71 -> 72 ;
73 [label="gini = 0.5\nsamples = 2\nvalue = [0, 0, 0, 0, 0, 1, 0, 0, 0, 0, 0, 0, 0, 0\n0, 0, 0, 0, 0, 0, 0, 0, 0, 0, 0, 0, 0, 0\n0, 0, 0, 0, 0, 0, 0, 0, 0, 0, 0, 0, 0, 0\n0, 0, 0, 1, 0, 0, 0]"] ;
72 -> 73 ;
74 [label="gini = 0.0\nsamples = 1\nvalue = [0, 0, 0, 0, 0, 0, 0, 0, 0, 0, 0, 0, 0, 0\n0, 0, 0, 0, 0, 0, 0, 0, 0, 0, 0, 0, 0, 0\n0, 0, 0, 0, 0, 0, 0, 0, 0, 0, 1, 0, 0, 0\n0, 0, 0, 0, 0, 0, 0]"] ;
72 -> 74 ;
75 [label="wexp <= 0.5\ngini = 0.778\nsamples = 6\nvalue = [0, 0, 0, 0, 0, 0, 0, 0, 0, 0, 0, 0, 0, 2\n0, 0, 0, 0, 0, 0, 0, 0, 0, 0, 0, 0, 0, 1\n0, 0, 0, 1, 0, 0, 0, 0, 0, 0, 0, 0, 1, 0\n0, 0, 0, 0, 0, 1, 0]"] ;
71 -> 75 ;
76 [label="race <= 0.5\ngini = 0.72\nsamples = 5\nvalue = [0, 0, 0, 0, 0, 0, 0, 0, 0, 0, 0, 0, 0, 2\n0, 0, 0, 0, 0, 0, 0, 0, 0, 0, 0, 0, 0, 1\n0, 0, 0, 1, 0, 0, 0, 0, 0, 0, 0, 0, 0, 0\n0, 0, 0, 0, 0, 1, 0]"] ;
75 -> 76 ;
77 [label="prio <= 3.5\ngini = 0.667\nsamples = 3\nvalue = [0, 0, 0, 0, 0, 0, 0, 0, 0, 0, 0, 0, 0, 1\n0, 0, 0, 0, 0, 0, 0, 0, 0, 0, 0, 0, 0, 1\n0, 0, 0, 1, 0, 0, 0, 0, 0, 0, 0, 0, 0, 0\n0, 0, 0, 0, 0, 0, 0]"] ;
76 -> 77 ;
78 [label="fin <= 19.5\ngini = 0.5\nsamples = 2\nvalue = [0, 0, 0, 0, 0, 0, 0, 0, 0, 0, 0, 0, 0, 1\n0, 0, 0, 0, 0, 0, 0, 0, 0, 0, 0, 0, 0, 1\n0, 0, 0, 0, 0, 0, 0, 0, 0, 0, 0, 0, 0, 0\n0, 0, 0, 0, 0, 0, 0]"] ;
77 -> 78 ;
79 [label="gini = 0.0\nsamples = 1\nvalue = [0, 0, 0, 0, 0, 0, 0, 0, 0, 0, 0, 0, 0, 0\n0, 0, 0, 0, 0, 0, 0, 0, 0, 0, 0, 0, 0, 1\n0, 0, 0, 0, 0, 0, 0, 0, 0, 0, 0, 0, 0, 0\n0, 0, 0, 0, 0, 0, 0]"] ;
78 -> 79 ;
80 [label="gini = 0.0\nsamples = 1\nvalue = [0, 0, 0, 0, 0, 0, 0, 0, 0, 0, 0, 0, 0, 1\n0, 0, 0, 0, 0, 0, 0, 0, 0, 0, 0, 0, 0, 0\n0, 0, 0, 0, 0, 0, 0, 0, 0, 0, 0, 0, 0, 0\n0, 0, 0, 0, 0, 0, 0]"] ;
78 -> 80 ;
81 [label="gini = 0.0\nsamples = 1\nvalue = [0, 0, 0, 0, 0, 0, 0, 0, 0, 0, 0, 0, 0, 0\n0, 0, 0, 0, 0, 0, 0, 0, 0, 0, 0, 0, 0, 0\n0, 0, 0, 1, 0, 0, 0, 0, 0, 0, 0, 0, 0, 0\n0, 0, 0, 0, 0, 0, 0]"] ;
77 -> 81 ;
82 [label="paro <= 11.0\ngini = 0.5\nsamples = 2\nvalue = [0, 0, 0, 0, 0, 0, 0, 0, 0, 0, 0, 0, 0, 1\n0, 0, 0, 0, 0, 0, 0, 0, 0, 0, 0, 0, 0, 0\n0, 0, 0, 0, 0, 0, 0, 0, 0, 0, 0, 0, 0, 0\n0, 0, 0, 0, 0, 1, 0]"] ;
76 -> 82 ;
83 [label="gini = 0.0\nsamples = 1\nvalue = [0, 0, 0, 0, 0, 0, 0, 0, 0, 0, 0, 0, 0, 0\n0, 0, 0, 0, 0, 0, 0, 0, 0, 0, 0, 0, 0, 0\n0, 0, 0, 0, 0, 0, 0, 0, 0, 0, 0, 0, 0, 0\n0, 0, 0, 0, 0, 1, 0]"] ;
82 -> 83 ;
84 [label="gini = 0.0\nsamples = 1\nvalue = [0, 0, 0, 0, 0, 0, 0, 0, 0, 0, 0, 0, 0, 1\n0, 0, 0, 0, 0, 0, 0, 0, 0, 0, 0, 0, 0, 0\n0, 0, 0, 0, 0, 0, 0, 0, 0, 0, 0, 0, 0, 0\n0, 0, 0, 0, 0, 0, 0]"] ;
82 -> 84 ;
85 [label="gini = 0.0\nsamples = 1\nvalue = [0, 0, 0, 0, 0, 0, 0, 0, 0, 0, 0, 0, 0, 0\n0, 0, 0, 0, 0, 0, 0, 0, 0, 0, 0, 0, 0, 0\n0, 0, 0, 0, 0, 0, 0, 0, 0, 0, 0, 0, 1, 0\n0, 0, 0, 0, 0, 0, 0]"] ;
75 -> 85 ;
86 [label="arrest <= 0.5\ngini = 0.667\nsamples = 3\nvalue = [0, 0, 0, 0, 0, 0, 0, 1, 0, 0, 0, 0, 0, 0\n0, 0, 1, 0, 0, 0, 0, 1, 0, 0, 0, 0, 0, 0\n0, 0, 0, 0, 0, 0, 0, 0, 0, 0, 0, 0, 0, 0\n0, 0, 0, 0, 0, 0, 0]"] ;
70 -> 86 ;
87 [label="gini = 0.0\nsamples = 1\nvalue = [0, 0, 0, 0, 0, 0, 0, 0, 0, 0, 0, 0, 0, 0\n0, 0, 1, 0, 0, 0, 0, 0, 0, 0, 0, 0, 0, 0\n0, 0, 0, 0, 0, 0, 0, 0, 0, 0, 0, 0, 0, 0\n0, 0, 0, 0, 0, 0, 0]"] ;
86 -> 87 ;
88 [label="prio <= 3.5\ngini = 0.5\nsamples = 2\nvalue = [0, 0, 0, 0, 0, 0, 0, 1, 0, 0, 0, 0, 0, 0\n0, 0, 0, 0, 0, 0, 0, 1, 0, 0, 0, 0, 0, 0\n0, 0, 0, 0, 0, 0, 0, 0, 0, 0, 0, 0, 0, 0\n0, 0, 0, 0, 0, 0, 0]"] ;
86 -> 88 ;
89 [label="gini = 0.0\nsamples = 1\nvalue = [0, 0, 0, 0, 0, 0, 0, 0, 0, 0, 0, 0, 0, 0\n0, 0, 0, 0, 0, 0, 0, 1, 0, 0, 0, 0, 0, 0\n0, 0, 0, 0, 0, 0, 0, 0, 0, 0, 0, 0, 0, 0\n0, 0, 0, 0, 0, 0, 0]"] ;
88 -> 89 ;
90 [label="gini = 0.0\nsamples = 1\nvalue = [0, 0, 0, 0, 0, 0, 0, 1, 0, 0, 0, 0, 0, 0\n0, 0, 0, 0, 0, 0, 0, 0, 0, 0, 0, 0, 0, 0\n0, 0, 0, 0, 0, 0, 0, 0, 0, 0, 0, 0, 0, 0\n0, 0, 0, 0, 0, 0, 0]"] ;
88 -> 90 ;
91 [label="arrest <= 0.5\ngini = 0.959\nsamples = 60\nvalue = [0, 1, 1, 0, 0, 0, 0, 4, 2, 0, 0, 2, 1, 1\n1, 2, 1, 1, 1, 4, 2, 0, 1, 4, 0, 3, 1, 1\n1, 0, 0, 1, 1, 0, 1, 3, 1, 2, 0, 1, 2, 0\n0, 4, 1, 1, 2, 1, 4]"] ;
3 -> 91 ;
92 [label="paro <= 2.5\ngini = 0.949\nsamples = 35\nvalue = [0, 1, 1, 0, 0, 0, 0, 2, 0, 0, 0, 0, 1, 1\n0, 1, 1, 1, 0, 1, 2, 0, 1, 2, 0, 3, 1, 1\n0, 0, 0, 1, 0, 0, 0, 1, 1, 1, 0, 0, 2, 0\n0, 1, 1, 0, 2, 1, 4]"] ;
91 -> 92 ;
93 [label="fin <= 33.5\ngini = 0.883\nsamples = 18\nvalue = [0, 1, 0, 0, 0, 0, 0, 0, 0, 0, 0, 0, 0, 1\n0, 0, 0, 0, 0, 0, 1, 0, 1, 2, 0, 3, 0, 1\n0, 0, 0, 0, 0, 0, 0, 1, 1, 0, 0, 0, 0, 0\n0, 1, 0, 0, 1, 0, 4]"] ;
92 -> 93 ;
94 [label="prio <= 2.5\ngini = 0.853\nsamples = 15\nvalue = [0, 0, 0, 0, 0, 0, 0, 0, 0, 0, 0, 0, 0, 1\n0, 0, 0, 0, 0, 0, 1, 0, 1, 1, 0, 3, 0, 1\n0, 0, 0, 0, 0, 0, 0, 0, 1, 0, 0, 0, 0, 0\n0, 1, 0, 0, 1, 0, 4]"] ;
93 -> 94 ;
95 [label="gini = 0.0\nsamples = 1\nvalue = [0, 0, 0, 0, 0, 0, 0, 0, 0, 0, 0, 0, 0, 0\n0, 0, 0, 0, 0, 0, 0, 0, 0, 0, 0, 0, 0, 0\n0, 0, 0, 0, 0, 0, 0, 0, 1, 0, 0, 0, 0, 0\n0, 0, 0, 0, 0, 0, 0]"] ;
94 -> 95 ;
96 [label="wexp <= 0.5\ngini = 0.837\nsamples = 14\nvalue = [0, 0, 0, 0, 0, 0, 0, 0, 0, 0, 0, 0, 0, 1\n0, 0, 0, 0, 0, 0, 1, 0, 1, 1, 0, 3, 0, 1\n0, 0, 0, 0, 0, 0, 0, 0, 0, 0, 0, 0, 0, 0\n0, 1, 0, 0, 1, 0, 4]"] ;
94 -> 96 ;
97 [label="fin <= 26.0\ngini = 0.793\nsamples = 11\nvalue = [0, 0, 0, 0, 0, 0, 0, 0, 0, 0, 0, 0, 0, 1\n0, 0, 0, 0, 0, 0, 1, 0, 0, 1, 0, 2, 0, 1\n0, 0, 0, 0, 0, 0, 0, 0, 0, 0, 0, 0, 0, 0\n0, 0, 0, 0, 1, 0, 4]"] ;
96 -> 97 ;
98 [label="fin <= 23.5\ngini = 0.735\nsamples = 7\nvalue = [0, 0, 0, 0, 0, 0, 0, 0, 0, 0, 0, 0, 0, 1\n0, 0, 0, 0, 0, 0, 0, 0, 0, 1, 0, 0, 0, 1\n0, 0, 0, 0, 0, 0, 0, 0, 0, 0, 0, 0, 0, 0\n0, 0, 0, 0, 1, 0, 3]"] ;
97 -> 98 ;
99 [label="mar <= 0.5\ngini = 0.625\nsamples = 4\nvalue = [0, 0, 0, 0, 0, 0, 0, 0, 0, 0, 0, 0, 0, 0\n0, 0, 0, 0, 0, 0, 0, 0, 0, 1, 0, 0, 0, 0\n0, 0, 0, 0, 0, 0, 0, 0, 0, 0, 0, 0, 0, 0\n0, 0, 0, 0, 1, 0, 2]"] ;
98 -> 99 ;
100 [label="paro <= 0.5\ngini = 0.444\nsamples = 3\nvalue = [0, 0, 0, 0, 0, 0, 0, 0, 0, 0, 0, 0, 0, 0\n0, 0, 0, 0, 0, 0, 0, 0, 0, 1, 0, 0, 0, 0\n0, 0, 0, 0, 0, 0, 0, 0, 0, 0, 0, 0, 0, 0\n0, 0, 0, 0, 0, 0, 2]"] ;
99 -> 100 ;
101 [label="gini = 0.0\nsamples = 1\nvalue = [0, 0, 0, 0, 0, 0, 0, 0, 0, 0, 0, 0, 0, 0\n0, 0, 0, 0, 0, 0, 0, 0, 0, 0, 0, 0, 0, 0\n0, 0, 0, 0, 0, 0, 0, 0, 0, 0, 0, 0, 0, 0\n0, 0, 0, 0, 0, 0, 1]"] ;
100 -> 101 ;
102 [label="prio <= 3.5\ngini = 0.5\nsamples = 2\nvalue = [0, 0, 0, 0, 0, 0, 0, 0, 0, 0, 0, 0, 0, 0\n0, 0, 0, 0, 0, 0, 0, 0, 0, 1, 0, 0, 0, 0\n0, 0, 0, 0, 0, 0, 0, 0, 0, 0, 0, 0, 0, 0\n0, 0, 0, 0, 0, 0, 1]"] ;
100 -> 102 ;
103 [label="gini = 0.0\nsamples = 1\nvalue = [0, 0, 0, 0, 0, 0, 0, 0, 0, 0, 0, 0, 0, 0\n0, 0, 0, 0, 0, 0, 0, 0, 0, 1, 0, 0, 0, 0\n0, 0, 0, 0, 0, 0, 0, 0, 0, 0, 0, 0, 0, 0\n0, 0, 0, 0, 0, 0, 0]"] ;
102 -> 103 ;
104 [label="gini = 0.0\nsamples = 1\nvalue = [0, 0, 0, 0, 0, 0, 0, 0, 0, 0, 0, 0, 0, 0\n0, 0, 0, 0, 0, 0, 0, 0, 0, 0, 0, 0, 0, 0\n0, 0, 0, 0, 0, 0, 0, 0, 0, 0, 0, 0, 0, 0\n0, 0, 0, 0, 0, 0, 1]"] ;
102 -> 104 ;
105 [label="gini = 0.0\nsamples = 1\nvalue = [0, 0, 0, 0, 0, 0, 0, 0, 0, 0, 0, 0, 0, 0\n0, 0, 0, 0, 0, 0, 0, 0, 0, 0, 0, 0, 0, 0\n0, 0, 0, 0, 0, 0, 0, 0, 0, 0, 0, 0, 0, 0\n0, 0, 0, 0, 1, 0, 0]"] ;
99 -> 105 ;
106 [label="race <= 0.5\ngini = 0.667\nsamples = 3\nvalue = [0, 0, 0, 0, 0, 0, 0, 0, 0, 0, 0, 0, 0, 1\n0, 0, 0, 0, 0, 0, 0, 0, 0, 0, 0, 0, 0, 1\n0, 0, 0, 0, 0, 0, 0, 0, 0, 0, 0, 0, 0, 0\n0, 0, 0, 0, 0, 0, 1]"] ;
98 -> 106 ;
107 [label="gini = 0.0\nsamples = 1\nvalue = [0, 0, 0, 0, 0, 0, 0, 0, 0, 0, 0, 0, 0, 1\n0, 0, 0, 0, 0, 0, 0, 0, 0, 0, 0, 0, 0, 0\n0, 0, 0, 0, 0, 0, 0, 0, 0, 0, 0, 0, 0, 0\n0, 0, 0, 0, 0, 0, 0]"] ;
106 -> 107 ;
108 [label="fin <= 24.5\ngini = 0.5\nsamples = 2\nvalue = [0, 0, 0, 0, 0, 0, 0, 0, 0, 0, 0, 0, 0, 0\n0, 0, 0, 0, 0, 0, 0, 0, 0, 0, 0, 0, 0, 1\n0, 0, 0, 0, 0, 0, 0, 0, 0, 0, 0, 0, 0, 0\n0, 0, 0, 0, 0, 0, 1]"] ;
106 -> 108 ;
109 [label="gini = 0.0\nsamples = 1\nvalue = [0, 0, 0, 0, 0, 0, 0, 0, 0, 0, 0, 0, 0, 0\n0, 0, 0, 0, 0, 0, 0, 0, 0, 0, 0, 0, 0, 1\n0, 0, 0, 0, 0, 0, 0, 0, 0, 0, 0, 0, 0, 0\n0, 0, 0, 0, 0, 0, 0]"] ;
108 -> 109 ;
110 [label="gini = 0.0\nsamples = 1\nvalue = [0, 0, 0, 0, 0, 0, 0, 0, 0, 0, 0, 0, 0, 0\n0, 0, 0, 0, 0, 0, 0, 0, 0, 0, 0, 0, 0, 0\n0, 0, 0, 0, 0, 0, 0, 0, 0, 0, 0, 0, 0, 0\n0, 0, 0, 0, 0, 0, 1]"] ;
108 -> 110 ;
111 [label="fin <= 32.5\ngini = 0.625\nsamples = 4\nvalue = [0, 0, 0, 0, 0, 0, 0, 0, 0, 0, 0, 0, 0, 0\n0, 0, 0, 0, 0, 0, 1, 0, 0, 0, 0, 2, 0, 0\n0, 0, 0, 0, 0, 0, 0, 0, 0, 0, 0, 0, 0, 0\n0, 0, 0, 0, 0, 0, 1]"] ;
97 -> 111 ;
112 [label="paro <= 0.5\ngini = 0.444\nsamples = 3\nvalue = [0, 0, 0, 0, 0, 0, 0, 0, 0, 0, 0, 0, 0, 0\n0, 0, 0, 0, 0, 0, 1, 0, 0, 0, 0, 2, 0, 0\n0, 0, 0, 0, 0, 0, 0, 0, 0, 0, 0, 0, 0, 0\n0, 0, 0, 0, 0, 0, 0]"] ;
111 -> 112 ;
113 [label="gini = 0.0\nsamples = 1\nvalue = [0, 0, 0, 0, 0, 0, 0, 0, 0, 0, 0, 0, 0, 0\n0, 0, 0, 0, 0, 0, 1, 0, 0, 0, 0, 0, 0, 0\n0, 0, 0, 0, 0, 0, 0, 0, 0, 0, 0, 0, 0, 0\n0, 0, 0, 0, 0, 0, 0]"] ;
112 -> 113 ;
114 [label="gini = 0.0\nsamples = 2\nvalue = [0, 0, 0, 0, 0, 0, 0, 0, 0, 0, 0, 0, 0, 0\n0, 0, 0, 0, 0, 0, 0, 0, 0, 0, 0, 2, 0, 0\n0, 0, 0, 0, 0, 0, 0, 0, 0, 0, 0, 0, 0, 0\n0, 0, 0, 0, 0, 0, 0]"] ;
112 -> 114 ;
115 [label="gini = 0.0\nsamples = 1\nvalue = [0, 0, 0, 0, 0, 0, 0, 0, 0, 0, 0, 0, 0, 0\n0, 0, 0, 0, 0, 0, 0, 0, 0, 0, 0, 0, 0, 0\n0, 0, 0, 0, 0, 0, 0, 0, 0, 0, 0, 0, 0, 0\n0, 0, 0, 0, 0, 0, 1]"] ;
111 -> 115 ;
116 [label="fin <= 23.0\ngini = 0.667\nsamples = 3\nvalue = [0, 0, 0, 0, 0, 0, 0, 0, 0, 0, 0, 0, 0, 0\n0, 0, 0, 0, 0, 0, 0, 0, 1, 0, 0, 1, 0, 0\n0, 0, 0, 0, 0, 0, 0, 0, 0, 0, 0, 0, 0, 0\n0, 1, 0, 0, 0, 0, 0]"] ;
96 -> 116 ;
117 [label="gini = 0.0\nsamples = 1\nvalue = [0, 0, 0, 0, 0, 0, 0, 0, 0, 0, 0, 0, 0, 0\n0, 0, 0, 0, 0, 0, 0, 0, 0, 0, 0, 1, 0, 0\n0, 0, 0, 0, 0, 0, 0, 0, 0, 0, 0, 0, 0, 0\n0, 0, 0, 0, 0, 0, 0]"] ;
116 -> 117 ;
118 [label="paro <= 1.0\ngini = 0.5\nsamples = 2\nvalue = [0, 0, 0, 0, 0, 0, 0, 0, 0, 0, 0, 0, 0, 0\n0, 0, 0, 0, 0, 0, 0, 0, 1, 0, 0, 0, 0, 0\n0, 0, 0, 0, 0, 0, 0, 0, 0, 0, 0, 0, 0, 0\n0, 1, 0, 0, 0, 0, 0]"] ;
116 -> 118 ;
119 [label="gini = 0.0\nsamples = 1\nvalue = [0, 0, 0, 0, 0, 0, 0, 0, 0, 0, 0, 0, 0, 0\n0, 0, 0, 0, 0, 0, 0, 0, 1, 0, 0, 0, 0, 0\n0, 0, 0, 0, 0, 0, 0, 0, 0, 0, 0, 0, 0, 0\n0, 0, 0, 0, 0, 0, 0]"] ;
118 -> 119 ;
120 [label="gini = 0.0\nsamples = 1\nvalue = [0, 0, 0, 0, 0, 0, 0, 0, 0, 0, 0, 0, 0, 0\n0, 0, 0, 0, 0, 0, 0, 0, 0, 0, 0, 0, 0, 0\n0, 0, 0, 0, 0, 0, 0, 0, 0, 0, 0, 0, 0, 0\n0, 1, 0, 0, 0, 0, 0]"] ;
118 -> 120 ;
121 [label="prio <= 2.5\ngini = 0.667\nsamples = 3\nvalue = [0, 1, 0, 0, 0, 0, 0, 0, 0, 0, 0, 0, 0, 0\n0, 0, 0, 0, 0, 0, 0, 0, 0, 1, 0, 0, 0, 0\n0, 0, 0, 0, 0, 0, 0, 1, 0, 0, 0, 0, 0, 0\n0, 0, 0, 0, 0, 0, 0]"] ;
93 -> 121 ;
122 [label="gini = 0.0\nsamples = 1\nvalue = [0, 0, 0, 0, 0, 0, 0, 0, 0, 0, 0, 0, 0, 0\n0, 0, 0, 0, 0, 0, 0, 0, 0, 1, 0, 0, 0, 0\n0, 0, 0, 0, 0, 0, 0, 0, 0, 0, 0, 0, 0, 0\n0, 0, 0, 0, 0, 0, 0]"] ;
121 -> 122 ;
123 [label="prio <= 4.0\ngini = 0.5\nsamples = 2\nvalue = [0, 1, 0, 0, 0, 0, 0, 0, 0, 0, 0, 0, 0, 0\n0, 0, 0, 0, 0, 0, 0, 0, 0, 0, 0, 0, 0, 0\n0, 0, 0, 0, 0, 0, 0, 1, 0, 0, 0, 0, 0, 0\n0, 0, 0, 0, 0, 0, 0]"] ;
121 -> 123 ;
124 [label="gini = 0.0\nsamples = 1\nvalue = [0, 0, 0, 0, 0, 0, 0, 0, 0, 0, 0, 0, 0, 0\n0, 0, 0, 0, 0, 0, 0, 0, 0, 0, 0, 0, 0, 0\n0, 0, 0, 0, 0, 0, 0, 1, 0, 0, 0, 0, 0, 0\n0, 0, 0, 0, 0, 0, 0]"] ;
123 -> 124 ;
125 [label="gini = 0.0\nsamples = 1\nvalue = [0, 1, 0, 0, 0, 0, 0, 0, 0, 0, 0, 0, 0, 0\n0, 0, 0, 0, 0, 0, 0, 0, 0, 0, 0, 0, 0, 0\n0, 0, 0, 0, 0, 0, 0, 0, 0, 0, 0, 0, 0, 0\n0, 0, 0, 0, 0, 0, 0]"] ;
123 -> 125 ;
126 [label="fin <= 28.5\ngini = 0.927\nsamples = 17\nvalue = [0, 0, 1, 0, 0, 0, 0, 2, 0, 0, 0, 0, 1, 0\n0, 1, 1, 1, 0, 1, 1, 0, 0, 0, 0, 0, 1, 0\n0, 0, 0, 1, 0, 0, 0, 0, 0, 1, 0, 0, 2, 0\n0, 0, 1, 0, 1, 1, 0]"] ;
92 -> 126 ;
127 [label="paro <= 6.5\ngini = 0.889\nsamples = 12\nvalue = [0, 0, 0, 0, 0, 0, 0, 2, 0, 0, 0, 0, 1, 0\n0, 0, 1, 1, 0, 1, 0, 0, 0, 0, 0, 0, 0, 0\n0, 0, 0, 1, 0, 0, 0, 0, 0, 1, 0, 0, 2, 0\n0, 0, 1, 0, 0, 1, 0]"] ;
126 -> 127 ;
128 [label="fin <= 21.5\ngini = 0.86\nsamples = 10\nvalue = [0, 0, 0, 0, 0, 0, 0, 2, 0, 0, 0, 0, 1, 0\n0, 0, 0, 1, 0, 1, 0, 0, 0, 0, 0, 0, 0, 0\n0, 0, 0, 1, 0, 0, 0, 0, 0, 1, 0, 0, 2, 0\n0, 0, 1, 0, 0, 0, 0]"] ;
127 -> 128 ;
129 [label="gini = 0.0\nsamples = 1\nvalue = [0, 0, 0, 0, 0, 0, 0, 0, 0, 0, 0, 0, 0, 0\n0, 0, 0, 0, 0, 0, 0, 0, 0, 0, 0, 0, 0, 0\n0, 0, 0, 1, 0, 0, 0, 0, 0, 0, 0, 0, 0, 0\n0, 0, 0, 0, 0, 0, 0]"] ;
128 -> 129 ;
130 [label="fin <= 22.5\ngini = 0.84\nsamples = 9\nvalue = [0, 0, 0, 0, 0, 0, 0, 2, 0, 0, 0, 0, 1, 0\n0, 0, 0, 1, 0, 1, 0, 0, 0, 0, 0, 0, 0, 0\n0, 0, 0, 0, 0, 0, 0, 0, 0, 1, 0, 0, 2, 0\n0, 0, 1, 0, 0, 0, 0]"] ;
128 -> 130 ;
131 [label="prio <= 3.5\ngini = 0.667\nsamples = 3\nvalue = [0, 0, 0, 0, 0, 0, 0, 0, 0, 0, 0, 0, 0, 0\n0, 0, 0, 1, 0, 0, 0, 0, 0, 0, 0, 0, 0, 0\n0, 0, 0, 0, 0, 0, 0, 0, 0, 0, 0, 0, 1, 0\n0, 0, 1, 0, 0, 0, 0]"] ;
130 -> 131 ;
132 [label="age <= 0.5\ngini = 0.5\nsamples = 2\nvalue = [0, 0, 0, 0, 0, 0, 0, 0, 0, 0, 0, 0, 0, 0\n0, 0, 0, 0, 0, 0, 0, 0, 0, 0, 0, 0, 0, 0\n0, 0, 0, 0, 0, 0, 0, 0, 0, 0, 0, 0, 1, 0\n0, 0, 1, 0, 0, 0, 0]"] ;
131 -> 132 ;
133 [label="gini = 0.0\nsamples = 1\nvalue = [0, 0, 0, 0, 0, 0, 0, 0, 0, 0, 0, 0, 0, 0\n0, 0, 0, 0, 0, 0, 0, 0, 0, 0, 0, 0, 0, 0\n0, 0, 0, 0, 0, 0, 0, 0, 0, 0, 0, 0, 1, 0\n0, 0, 0, 0, 0, 0, 0]"] ;
132 -> 133 ;
134 [label="gini = 0.0\nsamples = 1\nvalue = [0, 0, 0, 0, 0, 0, 0, 0, 0, 0, 0, 0, 0, 0\n0, 0, 0, 0, 0, 0, 0, 0, 0, 0, 0, 0, 0, 0\n0, 0, 0, 0, 0, 0, 0, 0, 0, 0, 0, 0, 0, 0\n0, 0, 1, 0, 0, 0, 0]"] ;
132 -> 134 ;
135 [label="gini = 0.0\nsamples = 1\nvalue = [0, 0, 0, 0, 0, 0, 0, 0, 0, 0, 0, 0, 0, 0\n0, 0, 0, 1, 0, 0, 0, 0, 0, 0, 0, 0, 0, 0\n0, 0, 0, 0, 0, 0, 0, 0, 0, 0, 0, 0, 0, 0\n0, 0, 0, 0, 0, 0, 0]"] ;
131 -> 135 ;
136 [label="wexp <= 0.5\ngini = 0.778\nsamples = 6\nvalue = [0, 0, 0, 0, 0, 0, 0, 2, 0, 0, 0, 0, 1, 0\n0, 0, 0, 0, 0, 1, 0, 0, 0, 0, 0, 0, 0, 0\n0, 0, 0, 0, 0, 0, 0, 0, 0, 1, 0, 0, 1, 0\n0, 0, 0, 0, 0, 0, 0]"] ;
130 -> 136 ;
137 [label="paro <= 3.5\ngini = 0.72\nsamples = 5\nvalue = [0, 0, 0, 0, 0, 0, 0, 2, 0, 0, 0, 0, 1, 0\n0, 0, 0, 0, 0, 1, 0, 0, 0, 0, 0, 0, 0, 0\n0, 0, 0, 0, 0, 0, 0, 0, 0, 1, 0, 0, 0, 0\n0, 0, 0, 0, 0, 0, 0]"] ;
136 -> 137 ;
138 [label="gini = 0.0\nsamples = 1\nvalue = [0, 0, 0, 0, 0, 0, 0, 0, 0, 0, 0, 0, 0, 0\n0, 0, 0, 0, 0, 1, 0, 0, 0, 0, 0, 0, 0, 0\n0, 0, 0, 0, 0, 0, 0, 0, 0, 0, 0, 0, 0, 0\n0, 0, 0, 0, 0, 0, 0]"] ;
137 -> 138 ;
139 [label="age <= 0.5\ngini = 0.625\nsamples = 4\nvalue = [0, 0, 0, 0, 0, 0, 0, 2, 0, 0, 0, 0, 1, 0\n0, 0, 0, 0, 0, 0, 0, 0, 0, 0, 0, 0, 0, 0\n0, 0, 0, 0, 0, 0, 0, 0, 0, 1, 0, 0, 0, 0\n0, 0, 0, 0, 0, 0, 0]"] ;
137 -> 139 ;
140 [label="gini = 0.0\nsamples = 1\nvalue = [0, 0, 0, 0, 0, 0, 0, 0, 0, 0, 0, 0, 0, 0\n0, 0, 0, 0, 0, 0, 0, 0, 0, 0, 0, 0, 0, 0\n0, 0, 0, 0, 0, 0, 0, 0, 0, 1, 0, 0, 0, 0\n0, 0, 0, 0, 0, 0, 0]"] ;
139 -> 140 ;
141 [label="paro <= 4.5\ngini = 0.444\nsamples = 3\nvalue = [0, 0, 0, 0, 0, 0, 0, 2, 0, 0, 0, 0, 1, 0\n0, 0, 0, 0, 0, 0, 0, 0, 0, 0, 0, 0, 0, 0\n0, 0, 0, 0, 0, 0, 0, 0, 0, 0, 0, 0, 0, 0\n0, 0, 0, 0, 0, 0, 0]"] ;
139 -> 141 ;
142 [label="gini = 0.0\nsamples = 1\nvalue = [0, 0, 0, 0, 0, 0, 0, 1, 0, 0, 0, 0, 0, 0\n0, 0, 0, 0, 0, 0, 0, 0, 0, 0, 0, 0, 0, 0\n0, 0, 0, 0, 0, 0, 0, 0, 0, 0, 0, 0, 0, 0\n0, 0, 0, 0, 0, 0, 0]"] ;
141 -> 142 ;
143 [label="mar <= 0.5\ngini = 0.5\nsamples = 2\nvalue = [0, 0, 0, 0, 0, 0, 0, 1, 0, 0, 0, 0, 1, 0\n0, 0, 0, 0, 0, 0, 0, 0, 0, 0, 0, 0, 0, 0\n0, 0, 0, 0, 0, 0, 0, 0, 0, 0, 0, 0, 0, 0\n0, 0, 0, 0, 0, 0, 0]"] ;
141 -> 143 ;
144 [label="gini = 0.0\nsamples = 1\nvalue = [0, 0, 0, 0, 0, 0, 0, 0, 0, 0, 0, 0, 1, 0\n0, 0, 0, 0, 0, 0, 0, 0, 0, 0, 0, 0, 0, 0\n0, 0, 0, 0, 0, 0, 0, 0, 0, 0, 0, 0, 0, 0\n0, 0, 0, 0, 0, 0, 0]"] ;
143 -> 144 ;
145 [label="gini = 0.0\nsamples = 1\nvalue = [0, 0, 0, 0, 0, 0, 0, 1, 0, 0, 0, 0, 0, 0\n0, 0, 0, 0, 0, 0, 0, 0, 0, 0, 0, 0, 0, 0\n0, 0, 0, 0, 0, 0, 0, 0, 0, 0, 0, 0, 0, 0\n0, 0, 0, 0, 0, 0, 0]"] ;
143 -> 145 ;
146 [label="gini = 0.0\nsamples = 1\nvalue = [0, 0, 0, 0, 0, 0, 0, 0, 0, 0, 0, 0, 0, 0\n0, 0, 0, 0, 0, 0, 0, 0, 0, 0, 0, 0, 0, 0\n0, 0, 0, 0, 0, 0, 0, 0, 0, 0, 0, 0, 1, 0\n0, 0, 0, 0, 0, 0, 0]"] ;
136 -> 146 ;
147 [label="race <= 0.5\ngini = 0.5\nsamples = 2\nvalue = [0, 0, 0, 0, 0, 0, 0, 0, 0, 0, 0, 0, 0, 0\n0, 0, 1, 0, 0, 0, 0, 0, 0, 0, 0, 0, 0, 0\n0, 0, 0, 0, 0, 0, 0, 0, 0, 0, 0, 0, 0, 0\n0, 0, 0, 0, 0, 1, 0]"] ;
127 -> 147 ;
148 [label="gini = 0.0\nsamples = 1\nvalue = [0, 0, 0, 0, 0, 0, 0, 0, 0, 0, 0, 0, 0, 0\n0, 0, 1, 0, 0, 0, 0, 0, 0, 0, 0, 0, 0, 0\n0, 0, 0, 0, 0, 0, 0, 0, 0, 0, 0, 0, 0, 0\n0, 0, 0, 0, 0, 0, 0]"] ;
147 -> 148 ;
149 [label="gini = 0.0\nsamples = 1\nvalue = [0, 0, 0, 0, 0, 0, 0, 0, 0, 0, 0, 0, 0, 0\n0, 0, 0, 0, 0, 0, 0, 0, 0, 0, 0, 0, 0, 0\n0, 0, 0, 0, 0, 0, 0, 0, 0, 0, 0, 0, 0, 0\n0, 0, 0, 0, 0, 1, 0]"] ;
147 -> 149 ;
150 [label="fin <= 29.5\ngini = 0.8\nsamples = 5\nvalue = [0, 0, 1, 0, 0, 0, 0, 0, 0, 0, 0, 0, 0, 0\n0, 1, 0, 0, 0, 0, 1, 0, 0, 0, 0, 0, 1, 0\n0, 0, 0, 0, 0, 0, 0, 0, 0, 0, 0, 0, 0, 0\n0, 0, 0, 0, 1, 0, 0]"] ;
126 -> 150 ;
151 [label="mar <= 0.5\ngini = 0.5\nsamples = 2\nvalue = [0, 0, 0, 0, 0, 0, 0, 0, 0, 0, 0, 0, 0, 0\n0, 0, 0, 0, 0, 0, 1, 0, 0, 0, 0, 0, 1, 0\n0, 0, 0, 0, 0, 0, 0, 0, 0, 0, 0, 0, 0, 0\n0, 0, 0, 0, 0, 0, 0]"] ;
150 -> 151 ;
152 [label="gini = 0.0\nsamples = 1\nvalue = [0, 0, 0, 0, 0, 0, 0, 0, 0, 0, 0, 0, 0, 0\n0, 0, 0, 0, 0, 0, 0, 0, 0, 0, 0, 0, 1, 0\n0, 0, 0, 0, 0, 0, 0, 0, 0, 0, 0, 0, 0, 0\n0, 0, 0, 0, 0, 0, 0]"] ;
151 -> 152 ;
153 [label="gini = 0.0\nsamples = 1\nvalue = [0, 0, 0, 0, 0, 0, 0, 0, 0, 0, 0, 0, 0, 0\n0, 0, 0, 0, 0, 0, 1, 0, 0, 0, 0, 0, 0, 0\n0, 0, 0, 0, 0, 0, 0, 0, 0, 0, 0, 0, 0, 0\n0, 0, 0, 0, 0, 0, 0]"] ;
151 -> 153 ;
154 [label="race <= 0.5\ngini = 0.667\nsamples = 3\nvalue = [0, 0, 1, 0, 0, 0, 0, 0, 0, 0, 0, 0, 0, 0\n0, 1, 0, 0, 0, 0, 0, 0, 0, 0, 0, 0, 0, 0\n0, 0, 0, 0, 0, 0, 0, 0, 0, 0, 0, 0, 0, 0\n0, 0, 0, 0, 1, 0, 0]"] ;
150 -> 154 ;
155 [label="fin <= 34.0\ngini = 0.5\nsamples = 2\nvalue = [0, 0, 1, 0, 0, 0, 0, 0, 0, 0, 0, 0, 0, 0\n0, 1, 0, 0, 0, 0, 0, 0, 0, 0, 0, 0, 0, 0\n0, 0, 0, 0, 0, 0, 0, 0, 0, 0, 0, 0, 0, 0\n0, 0, 0, 0, 0, 0, 0]"] ;
154 -> 155 ;
156 [label="gini = 0.0\nsamples = 1\nvalue = [0, 0, 1, 0, 0, 0, 0, 0, 0, 0, 0, 0, 0, 0\n0, 0, 0, 0, 0, 0, 0, 0, 0, 0, 0, 0, 0, 0\n0, 0, 0, 0, 0, 0, 0, 0, 0, 0, 0, 0, 0, 0\n0, 0, 0, 0, 0, 0, 0]"] ;
155 -> 156 ;
157 [label="gini = 0.0\nsamples = 1\nvalue = [0, 0, 0, 0, 0, 0, 0, 0, 0, 0, 0, 0, 0, 0\n0, 1, 0, 0, 0, 0, 0, 0, 0, 0, 0, 0, 0, 0\n0, 0, 0, 0, 0, 0, 0, 0, 0, 0, 0, 0, 0, 0\n0, 0, 0, 0, 0, 0, 0]"] ;
155 -> 157 ;
158 [label="gini = 0.0\nsamples = 1\nvalue = [0, 0, 0, 0, 0, 0, 0, 0, 0, 0, 0, 0, 0, 0\n0, 0, 0, 0, 0, 0, 0, 0, 0, 0, 0, 0, 0, 0\n0, 0, 0, 0, 0, 0, 0, 0, 0, 0, 0, 0, 0, 0\n0, 0, 0, 0, 1, 0, 0]"] ;
154 -> 158 ;
159 [label="mar <= 0.5\ngini = 0.925\nsamples = 25\nvalue = [0, 0, 0, 0, 0, 0, 0, 2, 2, 0, 0, 2, 0, 0\n1, 1, 0, 0, 1, 3, 0, 0, 0, 2, 0, 0, 0, 0\n1, 0, 0, 0, 1, 0, 1, 2, 0, 1, 0, 1, 0, 0\n0, 3, 0, 1, 0, 0, 0]"] ;
91 -> 159 ;
160 [label="paro <= 3.5\ngini = 0.864\nsamples = 9\nvalue = [0, 0, 0, 0, 0, 0, 0, 0, 2, 0, 0, 0, 0, 0\n0, 0, 0, 0, 0, 0, 0, 0, 0, 1, 0, 0, 0, 0\n0, 0, 0, 0, 1, 0, 1, 1, 0, 1, 0, 0, 0, 0\n0, 1, 0, 1, 0, 0, 0]"] ;
159 -> 160 ;
161 [label="fin <= 25.5\ngini = 0.625\nsamples = 4\nvalue = [0, 0, 0, 0, 0, 0, 0, 0, 2, 0, 0, 0, 0, 0\n0, 0, 0, 0, 0, 0, 0, 0, 0, 0, 0, 0, 0, 0\n0, 0, 0, 0, 0, 0, 1, 0, 0, 0, 0, 0, 0, 0\n0, 1, 0, 0, 0, 0, 0]"] ;
160 -> 161 ;
162 [label="race <= 0.5\ngini = 0.5\nsamples = 2\nvalue = [0, 0, 0, 0, 0, 0, 0, 0, 0, 0, 0, 0, 0, 0\n0, 0, 0, 0, 0, 0, 0, 0, 0, 0, 0, 0, 0, 0\n0, 0, 0, 0, 0, 0, 1, 0, 0, 0, 0, 0, 0, 0\n0, 1, 0, 0, 0, 0, 0]"] ;
161 -> 162 ;
163 [label="gini = 0.0\nsamples = 1\nvalue = [0, 0, 0, 0, 0, 0, 0, 0, 0, 0, 0, 0, 0, 0\n0, 0, 0, 0, 0, 0, 0, 0, 0, 0, 0, 0, 0, 0\n0, 0, 0, 0, 0, 0, 1, 0, 0, 0, 0, 0, 0, 0\n0, 0, 0, 0, 0, 0, 0]"] ;
162 -> 163 ;
164 [label="gini = 0.0\nsamples = 1\nvalue = [0, 0, 0, 0, 0, 0, 0, 0, 0, 0, 0, 0, 0, 0\n0, 0, 0, 0, 0, 0, 0, 0, 0, 0, 0, 0, 0, 0\n0, 0, 0, 0, 0, 0, 0, 0, 0, 0, 0, 0, 0, 0\n0, 1, 0, 0, 0, 0, 0]"] ;
162 -> 164 ;
165 [label="gini = 0.0\nsamples = 2\nvalue = [0, 0, 0, 0, 0, 0, 0, 0, 2, 0, 0, 0, 0, 0\n0, 0, 0, 0, 0, 0, 0, 0, 0, 0, 0, 0, 0, 0\n0, 0, 0, 0, 0, 0, 0, 0, 0, 0, 0, 0, 0, 0\n0, 0, 0, 0, 0, 0, 0]"] ;
161 -> 165 ;
166 [label="wexp <= 0.5\ngini = 0.8\nsamples = 5\nvalue = [0, 0, 0, 0, 0, 0, 0, 0, 0, 0, 0, 0, 0, 0\n0, 0, 0, 0, 0, 0, 0, 0, 0, 1, 0, 0, 0, 0\n0, 0, 0, 0, 1, 0, 0, 1, 0, 1, 0, 0, 0, 0\n0, 0, 0, 1, 0, 0, 0]"] ;
160 -> 166 ;
167 [label="race <= 0.5\ngini = 0.75\nsamples = 4\nvalue = [0, 0, 0, 0, 0, 0, 0, 0, 0, 0, 0, 0, 0, 0\n0, 0, 0, 0, 0, 0, 0, 0, 0, 1, 0, 0, 0, 0\n0, 0, 0, 0, 1, 0, 0, 1, 0, 0, 0, 0, 0, 0\n0, 0, 0, 1, 0, 0, 0]"] ;
166 -> 167 ;
168 [label="age <= 0.5\ngini = 0.5\nsamples = 2\nvalue = [0, 0, 0, 0, 0, 0, 0, 0, 0, 0, 0, 0, 0, 0\n0, 0, 0, 0, 0, 0, 0, 0, 0, 0, 0, 0, 0, 0\n0, 0, 0, 0, 1, 0, 0, 1, 0, 0, 0, 0, 0, 0\n0, 0, 0, 0, 0, 0, 0]"] ;
167 -> 168 ;
169 [label="gini = 0.0\nsamples = 1\nvalue = [0, 0, 0, 0, 0, 0, 0, 0, 0, 0, 0, 0, 0, 0\n0, 0, 0, 0, 0, 0, 0, 0, 0, 0, 0, 0, 0, 0\n0, 0, 0, 0, 0, 0, 0, 1, 0, 0, 0, 0, 0, 0\n0, 0, 0, 0, 0, 0, 0]"] ;
168 -> 169 ;
170 [label="gini = 0.0\nsamples = 1\nvalue = [0, 0, 0, 0, 0, 0, 0, 0, 0, 0, 0, 0, 0, 0\n0, 0, 0, 0, 0, 0, 0, 0, 0, 0, 0, 0, 0, 0\n0, 0, 0, 0, 1, 0, 0, 0, 0, 0, 0, 0, 0, 0\n0, 0, 0, 0, 0, 0, 0]"] ;
168 -> 170 ;
171 [label="age <= 0.5\ngini = 0.5\nsamples = 2\nvalue = [0, 0, 0, 0, 0, 0, 0, 0, 0, 0, 0, 0, 0, 0\n0, 0, 0, 0, 0, 0, 0, 0, 0, 1, 0, 0, 0, 0\n0, 0, 0, 0, 0, 0, 0, 0, 0, 0, 0, 0, 0, 0\n0, 0, 0, 1, 0, 0, 0]"] ;
167 -> 171 ;
172 [label="gini = 0.0\nsamples = 1\nvalue = [0, 0, 0, 0, 0, 0, 0, 0, 0, 0, 0, 0, 0, 0\n0, 0, 0, 0, 0, 0, 0, 0, 0, 0, 0, 0, 0, 0\n0, 0, 0, 0, 0, 0, 0, 0, 0, 0, 0, 0, 0, 0\n0, 0, 0, 1, 0, 0, 0]"] ;
171 -> 172 ;
173 [label="gini = 0.0\nsamples = 1\nvalue = [0, 0, 0, 0, 0, 0, 0, 0, 0, 0, 0, 0, 0, 0\n0, 0, 0, 0, 0, 0, 0, 0, 0, 1, 0, 0, 0, 0\n0, 0, 0, 0, 0, 0, 0, 0, 0, 0, 0, 0, 0, 0\n0, 0, 0, 0, 0, 0, 0]"] ;
171 -> 173 ;
174 [label="gini = 0.0\nsamples = 1\nvalue = [0, 0, 0, 0, 0, 0, 0, 0, 0, 0, 0, 0, 0, 0\n0, 0, 0, 0, 0, 0, 0, 0, 0, 0, 0, 0, 0, 0\n0, 0, 0, 0, 0, 0, 0, 0, 0, 1, 0, 0, 0, 0\n0, 0, 0, 0, 0, 0, 0]"] ;
166 -> 174 ;
175 [label="fin <= 22.5\ngini = 0.891\nsamples = 16\nvalue = [0, 0, 0, 0, 0, 0, 0, 2, 0, 0, 0, 2, 0, 0\n1, 1, 0, 0, 1, 3, 0, 0, 0, 1, 0, 0, 0, 0\n1, 0, 0, 0, 0, 0, 0, 1, 0, 0, 0, 1, 0, 0\n0, 2, 0, 0, 0, 0, 0]"] ;
159 -> 175 ;
176 [label="prio <= 3.5\ngini = 0.844\nsamples = 8\nvalue = [0, 0, 0, 0, 0, 0, 0, 1, 0, 0, 0, 1, 0, 0\n1, 0, 0, 0, 1, 0, 0, 0, 0, 0, 0, 0, 0, 0\n1, 0, 0, 0, 0, 0, 0, 1, 0, 0, 0, 0, 0, 0\n0, 2, 0, 0, 0, 0, 0]"] ;
175 -> 176 ;
177 [label="paro <= 1.5\ngini = 0.72\nsamples = 5\nvalue = [0, 0, 0, 0, 0, 0, 0, 1, 0, 0, 0, 0, 0, 0\n0, 0, 0, 0, 1, 0, 0, 0, 0, 0, 0, 0, 0, 0\n0, 0, 0, 0, 0, 0, 0, 1, 0, 0, 0, 0, 0, 0\n0, 2, 0, 0, 0, 0, 0]"] ;
176 -> 177 ;
178 [label="gini = 0.0\nsamples = 1\nvalue = [0, 0, 0, 0, 0, 0, 0, 0, 0, 0, 0, 0, 0, 0\n0, 0, 0, 0, 0, 0, 0, 0, 0, 0, 0, 0, 0, 0\n0, 0, 0, 0, 0, 0, 0, 1, 0, 0, 0, 0, 0, 0\n0, 0, 0, 0, 0, 0, 0]"] ;
177 -> 178 ;
179 [label="paro <= 3.0\ngini = 0.625\nsamples = 4\nvalue = [0, 0, 0, 0, 0, 0, 0, 1, 0, 0, 0, 0, 0, 0\n0, 0, 0, 0, 1, 0, 0, 0, 0, 0, 0, 0, 0, 0\n0, 0, 0, 0, 0, 0, 0, 0, 0, 0, 0, 0, 0, 0\n0, 2, 0, 0, 0, 0, 0]"] ;
177 -> 179 ;
180 [label="gini = 0.0\nsamples = 1\nvalue = [0, 0, 0, 0, 0, 0, 0, 0, 0, 0, 0, 0, 0, 0\n0, 0, 0, 0, 0, 0, 0, 0, 0, 0, 0, 0, 0, 0\n0, 0, 0, 0, 0, 0, 0, 0, 0, 0, 0, 0, 0, 0\n0, 1, 0, 0, 0, 0, 0]"] ;
179 -> 180 ;
181 [label="paro <= 4.5\ngini = 0.667\nsamples = 3\nvalue = [0, 0, 0, 0, 0, 0, 0, 1, 0, 0, 0, 0, 0, 0\n0, 0, 0, 0, 1, 0, 0, 0, 0, 0, 0, 0, 0, 0\n0, 0, 0, 0, 0, 0, 0, 0, 0, 0, 0, 0, 0, 0\n0, 1, 0, 0, 0, 0, 0]"] ;
179 -> 181 ;
182 [label="fin <= 21.5\ngini = 0.5\nsamples = 2\nvalue = [0, 0, 0, 0, 0, 0, 0, 1, 0, 0, 0, 0, 0, 0\n0, 0, 0, 0, 1, 0, 0, 0, 0, 0, 0, 0, 0, 0\n0, 0, 0, 0, 0, 0, 0, 0, 0, 0, 0, 0, 0, 0\n0, 0, 0, 0, 0, 0, 0]"] ;
181 -> 182 ;
183 [label="gini = 0.0\nsamples = 1\nvalue = [0, 0, 0, 0, 0, 0, 0, 1, 0, 0, 0, 0, 0, 0\n0, 0, 0, 0, 0, 0, 0, 0, 0, 0, 0, 0, 0, 0\n0, 0, 0, 0, 0, 0, 0, 0, 0, 0, 0, 0, 0, 0\n0, 0, 0, 0, 0, 0, 0]"] ;
182 -> 183 ;
184 [label="gini = 0.0\nsamples = 1\nvalue = [0, 0, 0, 0, 0, 0, 0, 0, 0, 0, 0, 0, 0, 0\n0, 0, 0, 0, 1, 0, 0, 0, 0, 0, 0, 0, 0, 0\n0, 0, 0, 0, 0, 0, 0, 0, 0, 0, 0, 0, 0, 0\n0, 0, 0, 0, 0, 0, 0]"] ;
182 -> 184 ;
185 [label="gini = 0.0\nsamples = 1\nvalue = [0, 0, 0, 0, 0, 0, 0, 0, 0, 0, 0, 0, 0, 0\n0, 0, 0, 0, 0, 0, 0, 0, 0, 0, 0, 0, 0, 0\n0, 0, 0, 0, 0, 0, 0, 0, 0, 0, 0, 0, 0, 0\n0, 1, 0, 0, 0, 0, 0]"] ;
181 -> 185 ;
186 [label="paro <= 2.5\ngini = 0.667\nsamples = 3\nvalue = [0, 0, 0, 0, 0, 0, 0, 0, 0, 0, 0, 1, 0, 0\n1, 0, 0, 0, 0, 0, 0, 0, 0, 0, 0, 0, 0, 0\n1, 0, 0, 0, 0, 0, 0, 0, 0, 0, 0, 0, 0, 0\n0, 0, 0, 0, 0, 0, 0]"] ;
176 -> 186 ;
187 [label="wexp <= 0.5\ngini = 0.5\nsamples = 2\nvalue = [0, 0, 0, 0, 0, 0, 0, 0, 0, 0, 0, 1, 0, 0\n0, 0, 0, 0, 0, 0, 0, 0, 0, 0, 0, 0, 0, 0\n1, 0, 0, 0, 0, 0, 0, 0, 0, 0, 0, 0, 0, 0\n0, 0, 0, 0, 0, 0, 0]"] ;
186 -> 187 ;
188 [label="gini = 0.0\nsamples = 1\nvalue = [0, 0, 0, 0, 0, 0, 0, 0, 0, 0, 0, 0, 0, 0\n0, 0, 0, 0, 0, 0, 0, 0, 0, 0, 0, 0, 0, 0\n1, 0, 0, 0, 0, 0, 0, 0, 0, 0, 0, 0, 0, 0\n0, 0, 0, 0, 0, 0, 0]"] ;
187 -> 188 ;
189 [label="gini = 0.0\nsamples = 1\nvalue = [0, 0, 0, 0, 0, 0, 0, 0, 0, 0, 0, 1, 0, 0\n0, 0, 0, 0, 0, 0, 0, 0, 0, 0, 0, 0, 0, 0\n0, 0, 0, 0, 0, 0, 0, 0, 0, 0, 0, 0, 0, 0\n0, 0, 0, 0, 0, 0, 0]"] ;
187 -> 189 ;
190 [label="gini = 0.0\nsamples = 1\nvalue = [0, 0, 0, 0, 0, 0, 0, 0, 0, 0, 0, 0, 0, 0\n1, 0, 0, 0, 0, 0, 0, 0, 0, 0, 0, 0, 0, 0\n0, 0, 0, 0, 0, 0, 0, 0, 0, 0, 0, 0, 0, 0\n0, 0, 0, 0, 0, 0, 0]"] ;
186 -> 190 ;
191 [label="fin <= 26.5\ngini = 0.781\nsamples = 8\nvalue = [0, 0, 0, 0, 0, 0, 0, 1, 0, 0, 0, 1, 0, 0\n0, 1, 0, 0, 0, 3, 0, 0, 0, 1, 0, 0, 0, 0\n0, 0, 0, 0, 0, 0, 0, 0, 0, 0, 0, 1, 0, 0\n0, 0, 0, 0, 0, 0, 0]"] ;
175 -> 191 ;
192 [label="wexp <= 0.5\ngini = 0.375\nsamples = 4\nvalue = [0, 0, 0, 0, 0, 0, 0, 0, 0, 0, 0, 0, 0, 0\n0, 0, 0, 0, 0, 3, 0, 0, 0, 0, 0, 0, 0, 0\n0, 0, 0, 0, 0, 0, 0, 0, 0, 0, 0, 1, 0, 0\n0, 0, 0, 0, 0, 0, 0]"] ;
191 -> 192 ;
193 [label="gini = 0.0\nsamples = 3\nvalue = [0, 0, 0, 0, 0, 0, 0, 0, 0, 0, 0, 0, 0, 0\n0, 0, 0, 0, 0, 3, 0, 0, 0, 0, 0, 0, 0, 0\n0, 0, 0, 0, 0, 0, 0, 0, 0, 0, 0, 0, 0, 0\n0, 0, 0, 0, 0, 0, 0]"] ;
192 -> 193 ;
194 [label="gini = 0.0\nsamples = 1\nvalue = [0, 0, 0, 0, 0, 0, 0, 0, 0, 0, 0, 0, 0, 0\n0, 0, 0, 0, 0, 0, 0, 0, 0, 0, 0, 0, 0, 0\n0, 0, 0, 0, 0, 0, 0, 0, 0, 0, 0, 1, 0, 0\n0, 0, 0, 0, 0, 0, 0]"] ;
192 -> 194 ;
195 [label="paro <= 0.5\ngini = 0.75\nsamples = 4\nvalue = [0, 0, 0, 0, 0, 0, 0, 1, 0, 0, 0, 1, 0, 0\n0, 1, 0, 0, 0, 0, 0, 0, 0, 1, 0, 0, 0, 0\n0, 0, 0, 0, 0, 0, 0, 0, 0, 0, 0, 0, 0, 0\n0, 0, 0, 0, 0, 0, 0]"] ;
191 -> 195 ;
196 [label="gini = 0.0\nsamples = 1\nvalue = [0, 0, 0, 0, 0, 0, 0, 0, 0, 0, 0, 1, 0, 0\n0, 0, 0, 0, 0, 0, 0, 0, 0, 0, 0, 0, 0, 0\n0, 0, 0, 0, 0, 0, 0, 0, 0, 0, 0, 0, 0, 0\n0, 0, 0, 0, 0, 0, 0]"] ;
195 -> 196 ;
197 [label="paro <= 1.5\ngini = 0.667\nsamples = 3\nvalue = [0, 0, 0, 0, 0, 0, 0, 1, 0, 0, 0, 0, 0, 0\n0, 1, 0, 0, 0, 0, 0, 0, 0, 1, 0, 0, 0, 0\n0, 0, 0, 0, 0, 0, 0, 0, 0, 0, 0, 0, 0, 0\n0, 0, 0, 0, 0, 0, 0]"] ;
195 -> 197 ;
198 [label="gini = 0.0\nsamples = 1\nvalue = [0, 0, 0, 0, 0, 0, 0, 1, 0, 0, 0, 0, 0, 0\n0, 0, 0, 0, 0, 0, 0, 0, 0, 0, 0, 0, 0, 0\n0, 0, 0, 0, 0, 0, 0, 0, 0, 0, 0, 0, 0, 0\n0, 0, 0, 0, 0, 0, 0]"] ;
197 -> 198 ;
199 [label="fin <= 28.5\ngini = 0.5\nsamples = 2\nvalue = [0, 0, 0, 0, 0, 0, 0, 0, 0, 0, 0, 0, 0, 0\n0, 1, 0, 0, 0, 0, 0, 0, 0, 1, 0, 0, 0, 0\n0, 0, 0, 0, 0, 0, 0, 0, 0, 0, 0, 0, 0, 0\n0, 0, 0, 0, 0, 0, 0]"] ;
197 -> 199 ;
200 [label="gini = 0.0\nsamples = 1\nvalue = [0, 0, 0, 0, 0, 0, 0, 0, 0, 0, 0, 0, 0, 0\n0, 1, 0, 0, 0, 0, 0, 0, 0, 0, 0, 0, 0, 0\n0, 0, 0, 0, 0, 0, 0, 0, 0, 0, 0, 0, 0, 0\n0, 0, 0, 0, 0, 0, 0]"] ;
199 -> 200 ;
201 [label="gini = 0.0\nsamples = 1\nvalue = [0, 0, 0, 0, 0, 0, 0, 0, 0, 0, 0, 0, 0, 0\n0, 0, 0, 0, 0, 0, 0, 0, 0, 1, 0, 0, 0, 0\n0, 0, 0, 0, 0, 0, 0, 0, 0, 0, 0, 0, 0, 0\n0, 0, 0, 0, 0, 0, 0]"] ;
199 -> 201 ;
202 [label="mar <= 0.5\ngini = 0.625\nsamples = 4\nvalue = [0, 0, 0, 0, 0, 0, 0, 0, 0, 1, 1, 0, 0, 0\n0, 0, 0, 0, 0, 0, 0, 0, 0, 0, 2, 0, 0, 0\n0, 0, 0, 0, 0, 0, 0, 0, 0, 0, 0, 0, 0, 0\n0, 0, 0, 0, 0, 0, 0]"] ;
2 -> 202 ;
203 [label="gini = 0.0\nsamples = 1\nvalue = [0, 0, 0, 0, 0, 0, 0, 0, 0, 0, 1, 0, 0, 0\n0, 0, 0, 0, 0, 0, 0, 0, 0, 0, 0, 0, 0, 0\n0, 0, 0, 0, 0, 0, 0, 0, 0, 0, 0, 0, 0, 0\n0, 0, 0, 0, 0, 0, 0]"] ;
202 -> 203 ;
204 [label="race <= 0.5\ngini = 0.444\nsamples = 3\nvalue = [0, 0, 0, 0, 0, 0, 0, 0, 0, 1, 0, 0, 0, 0\n0, 0, 0, 0, 0, 0, 0, 0, 0, 0, 2, 0, 0, 0\n0, 0, 0, 0, 0, 0, 0, 0, 0, 0, 0, 0, 0, 0\n0, 0, 0, 0, 0, 0, 0]"] ;
202 -> 204 ;
205 [label="paro <= 16.0\ngini = 0.5\nsamples = 2\nvalue = [0, 0, 0, 0, 0, 0, 0, 0, 0, 1, 0, 0, 0, 0\n0, 0, 0, 0, 0, 0, 0, 0, 0, 0, 1, 0, 0, 0\n0, 0, 0, 0, 0, 0, 0, 0, 0, 0, 0, 0, 0, 0\n0, 0, 0, 0, 0, 0, 0]"] ;
204 -> 205 ;
206 [label="gini = 0.0\nsamples = 1\nvalue = [0, 0, 0, 0, 0, 0, 0, 0, 0, 1, 0, 0, 0, 0\n0, 0, 0, 0, 0, 0, 0, 0, 0, 0, 0, 0, 0, 0\n0, 0, 0, 0, 0, 0, 0, 0, 0, 0, 0, 0, 0, 0\n0, 0, 0, 0, 0, 0, 0]"] ;
205 -> 206 ;
207 [label="gini = 0.0\nsamples = 1\nvalue = [0, 0, 0, 0, 0, 0, 0, 0, 0, 0, 0, 0, 0, 0\n0, 0, 0, 0, 0, 0, 0, 0, 0, 0, 1, 0, 0, 0\n0, 0, 0, 0, 0, 0, 0, 0, 0, 0, 0, 0, 0, 0\n0, 0, 0, 0, 0, 0, 0]"] ;
205 -> 207 ;
208 [label="gini = 0.0\nsamples = 1\nvalue = [0, 0, 0, 0, 0, 0, 0, 0, 0, 0, 0, 0, 0, 0\n0, 0, 0, 0, 0, 0, 0, 0, 0, 0, 1, 0, 0, 0\n0, 0, 0, 0, 0, 0, 0, 0, 0, 0, 0, 0, 0, 0\n0, 0, 0, 0, 0, 0, 0]"] ;
204 -> 208 ;
}
